0.0  0.0000
0.1  0.1996
0.2  0.3974
0.3  0.5910
0.4  0.7788
0.5  0.9588
0.6  1.1292
0.7  1.2884
0.8  1.4348
0.9  1.5666
1.0  1.6830
1.1  1.7824
1.2  1.8640
1.3  1.9272
1.4  1.9708
1.5  1.9950
1.6  1.9992
1.7  1.9834
1.8  1.9476
1.9  1.8926
2.0  1.8186
2.1  1.7264
2.2  1.6170
2.3  1.4914
2.4  1.3510
2.5  1.1970
2.6  1.0310
2.7  0.8548
2.8  0.6700
2.9  0.4784
3.0  0.2822
3.1  0.0832
3.2 -0.1168
3.3 -0.3154
3.4 -0.5110
3.5 -0.7016
3.6 -0.8850
3.7 -1.0596
3.8 -1.2238
3.9 -1.3756
4.0 -1.5136
4.1 -1.6366
4.2 -1.7432
4.3 -1.8324
4.4 -1.9032
4.5 -1.9550
4.6 -1.9874
4.7 -1.9998
4.8 -1.9924
4.9 -1.9650
5.0 -1.9178
5.1 -1.8516
5.2 -1.7670
5.3 -1.6646
5.4 -1.5456
5.5 -1.4110
5.6 -1.2626
5.7 -1.1014
5.8 -0.9292
5.9 -0.7478
6.0 -0.5588
6.1 -0.3644
6.2 -0.1662
