# filter, date, mag, error
I1  56446.2941   10.964 0.0840
I1  56446.2417   10.982 0.0857
I1  56446.1956   10.975 0.0832
I1  56446.1470   10.972 0.0831
I1  56446.0936   11.100 0.0817
I1  56446.0390   11.235 0.0964
I1  56445.9864   11.103 0.0836
I1  56445.9315   11.052 0.0859
I1  56445.8878   10.987 0.0825
I1  56445.8312   10.945 0.0806
I1  56445.7824   10.916 0.0954
I1  56445.7186   10.963 0.0842
I2  56446.2941   10.837 0.0310
I2  56446.2417   10.838 0.0322
I2  56446.1956   10.847 0.0312
I2  56446.1470   10.872 0.0327
I2  56446.0936   10.976 0.0329
I2  56446.0390   11.111 0.0290
I2  56445.9864   11.013 0.0313
I2  56445.9315   10.954 0.0308
I2  56445.8878   10.902 0.0296
I2  56445.8312   10.871 0.0301
I2  56445.7824   10.855 0.0300
I2  56445.7186   10.845 0.0349
